[
  {
    "img": "img/bed/0001.png",
    "category": "bed",
    "img_size": [
      395,
      244
    ],
    "2d_keypoints": [
      [
        [
          182.5,
          147.09375
        ],
        [
          174.5,
          225.09375
        ],
        [
          16.5,
          111.09375
        ],
        [
          -1.0,
          -1.0
        ],
        [
          -1.0,
          -1.0
        ],
        [
          324.5,
          101.09375
        ],
        [
          336.5,
          51.09375
        ],
        [
          226.5,
          20.09375
        ],
        [
          -1.0,
          -1.0
        ],
        [
          352.5,
          121.09375
        ]
      ],
      [
        [
          181.5,
          165.09375
        ],
        [
          181.5,
          224.09375
        ],
        [
          3.5,
          112.09375
        ],
        [
          5.5,
          141.09375
        ],
        [
          -1.0,
          -1.0
        ],
        [
          352.5,
          90.09375
        ],
        [
          349.5,
          34.09375
        ],
        [
          196.5,
          26.09375
        ],
        [
          -1.0,
          -1.0
        ],
        [
          346.5,
          114.09375
        ]
      ],
      [
        [
          171.5,
          139.09375
        ],
        [
          175.5,
          227.09375
        ],
        [
          29.5,
          90.09375
        ],
        [
          -1.0,
          -1.0
        ],
        [
          -1.0,
          -1.0
        ],
        [
          340.5,
          80.09375
        ],
        [
          351.5,
          32.09375
        ],
        [
          198.5,
          22.09375
        ],
        [
          -1.0,
          -1.0
        ],
        [
          268.5,
          79.09375
        ]
      ]
    ],
    "mask": "mask/bed/0001.png",
    "img_source": "ikea",
    "model": "model/bed/IKEA_MALM_2/model.obj",
    "model_raw": null,
    "model_source": "ikea",
    "3d_keypoints": "model/bed/IKEA_MALM_2/3d_keypoints.txt",
    "voxel": "model/bed/IKEA_MALM_2/voxel.mat",
    "rot_mat": [
      [
        0.7813941591465821,
        0.00095539348511137,
        -0.6240370624208909
      ],
      [
        0.17456672296585038,
        0.9597407704535225,
        0.2200547949085482
      ],
      [
        0.5991240499968018,
        -0.2808856364297893,
        0.749769052417384
      ]
    ],
    "trans_mat": [
      -0.00024347016915001151,
      0.09068297313399999,
      1.15264868244
    ],
    "focal_length": 35.27039762259147,
    "cam_position": [
      -0.7062195301276326,
      0.2367305448542897,
      -0.8843274678670282
    ],
    "inplane_rotation": -0.0785171651444316,
    "truncated": false,
    "occluded": false,
    "slightly_occluded": false,
    "bbox": [
      4,
      22,
      362,
      228
    ]
  },
  {
    "img": "img/bed/0002.png",
    "category": "bed",
    "img_size": [
      1007,
      599
    ],
    "2d_keypoints": [
      [
        [
          309.29285714285714,
          543.9148660714286
        ],
        [
          -1.0,
          -1.0
        ],
        [
          47.472857142857144,
          329.5677232142857
        ],
        [
          -1.0,
          -1.0
        ],
        [
          -1.0,
          -1.0
        ],
        [
          907.7385714285715,
          249.0077232142857
        ],
        [
          907.7385714285715,
          87.88772321428571
        ],
        [
          546.6571428571428,
          49.04629464285714
        ],
        [
          -1.0,
          -1.0
        ],
        [
          -1.0,
          -1.0
        ]
      ],
      [
        [
          321.60061542,
          534.9836984834286
        ],
        [
          -1.0,
          -1.0
        ],
        [
          52.58775826275715,
          327.82945678942855
        ],
        [
          -1.0,
          -1.0
        ],
        [
          -1.0,
          -1.0
        ],
        [
          902.783472562857,
          247.26945678942855
        ],
        [
          902.783472562857,
          84.71088528892857
        ],
        [
          548.8949011342858,
          44.43088528892857
        ],
        [
          -1.0,
          -1.0
        ],
        [
          902.783472562857,
          335.0223139322857
        ]
      ],
      [
        [
          313.60857142857145,
          543.9148660714286
        ],
        [
          325.1171428571428,
          592.8262946428571
        ],
        [
          50.35,
          329.5677232142857
        ],
        [
          -1.0,
          -1.0
        ],
        [
          -1.0,
          -1.0
        ],
        [
          903.4228571428571,
          247.5691517857143
        ],
        [
          909.1771428571428,
          85.01058035714286
        ],
        [
          -1.0,
          -1.0
        ],
        [
          -1.0,
          -1.0
        ],
        [
          890.4757142857143,
          331.00629464285714
        ]
      ]
    ],
    "mask": "mask/bed/0002.png",
    "img_source": "ikea",
    "model": "model/bed/IKEA_MALM_2/model.obj",
    "model_raw": null,
    "model_source": "ikea",
    "3d_keypoints": "model/bed/IKEA_MALM_2/3d_keypoints.txt",
    "voxel": "model/bed/IKEA_MALM_2/voxel.mat",
    "rot_mat": [
      [
        0.6331473196939317,
        0.08400992130502279,
        -0.7694587738707735
      ],
      [
        0.25775187892541845,
        0.9144734203293744,
        0.3119332178872773
      ],
      [
        0.7298550818311856,
        -0.39582912554967337,
        0.5573426799481394
      ]
    ],
    "trans_mat": [
      0.025652375712099995,
      0.0434050556712,
      1.1086289071600002
    ],
    "focal_length": 32.37890064221182,
    "cam_position": [
      -0.8365679093356918,
      0.3969797870961433,
      -0.6116872393103204
    ],
    "inplane_rotation": -0.10727259477186088,
    "truncated": true,
    "occluded": true,
    "slightly_occluded": false,
    "bbox": [
      46,
      47,
      927,
      599
    ]
  },
  {
    "img": "img/bed/0010.png",
    "category": "bed",
    "img_size": [
      1024,
      768
    ],
    "2d_keypoints": [
      [
        [
          849.92,
          516.5257142857142
        ],
        [
          857.2342857142858,
          627.7028571428572
        ],
        [
          108.25142857142858,
          487.2685714285714
        ],
        [
          118.49142857142857,
          602.8342857142857
        ],
        [
          -1.0,
          -1.0
        ],
        [
          -1.0,
          -1.0
        ],
        [
          -1.0,
          -1.0
        ],
        [
          -1.0,
          -1.0
        ],
        [
          -1.0,
          -1.0
        ],
        [
          -1.0,
          -1.0
        ]
      ],
      [
        [
          -1.0,
          -1.0
        ],
        [
          868.2869642971427,
          614.8825028022857
        ],
        [
          -1.0,
          -1.0
        ],
        [
          117.84124999679999,
          601.7167885165713
        ],
        [
          309.4755357257143,
          241.8539508297143
        ],
        [
          735.1669642971428,
          236.00252225828572
        ],
        [
          752.7212500114285,
          120.43680803108572
        ],
        [
          308.0126785828571,
          124.82537945965714
        ],
        [
          -1.0,
          -1.0
        ],
        [
          -1.0,
          -1.0
        ]
      ],
      [
        [
          872.9828571428571,
          479.41714285714284
        ],
        [
          856.8914285714286,
          619.8514285714285
        ],
        [
          109.37142857142857,
          480.88
        ],
        [
          124.0,
          603.76
        ],
        [
          350.74285714285713,
          220.49142857142857
        ],
        [
          734.0114285714286,
          226.34285714285716
        ],
        [
          734.0114285714286,
          125.40571428571428
        ],
        [
          341.9657142857143,
          123.94285714285714
        ],
        [
          -1.0,
          -1.0
        ],
        [
          -1.0,
          -1.0
        ]
      ]
    ],
    "mask": "mask/bed/0010.png",
    "img_source": "ikea",
    "model": "model/bed/IKEA_MALM_3/model.obj",
    "model_raw": null,
    "model_source": "ikea",
    "3d_keypoints": "model/bed/IKEA_MALM_3/3d_keypoints.txt",
    "voxel": "model/bed/IKEA_MALM_3/voxel.mat",
    "rot_mat": [
      [
        0.997945589067629,
        0.022532701902220845,
        -0.059973982737923155
      ],
      [
        0.004451167361908284,
        0.9094640646879608,
        0.41575870664409287
      ],
      [
        0.06391234911642142,
        -0.4151715216464615,
        0.9074953549435845
      ]
    ],
    "trans_mat": [
      0.004622426100619989,
      0.0912091237639,
      1.08050807298
    ],
    "focal_length": 30.56477376775,
    "cam_position": [
      -0.07407672599612045,
      0.3655406046260584,
      -1.0181998192354478
    ],
    "inplane_rotation": -0.08807398977476522,
    "truncated": false,
    "occluded": false,
    "slightly_occluded": true,
    "bbox": [
      91,
      117,
      887,
      617
    ]
  }
]